# Created by Octave 8.4.0, Tue Nov 14 10:55:13 2023 GMT <unknown@Vashakidze>
# name: t
# type: matrix
# rows: 1
# columns: 33
 0 0.03125 0.0625 0.09375 0.125 0.15625 0.1875 0.21875 0.25 0.28125 0.3125 0.34375 0.375 0.40625 0.4375 0.46875 0.5 0.53125 0.5625 0.59375 0.625 0.65625 0.6875 0.71875 0.75 0.78125 0.8125 0.84375 0.875 0.90625 0.9375 0.96875 1


# name: tau
# type: scalar
0.03125


# name: x
# type: matrix
# rows: 1
# columns: 33
 0 0.03125 0.0625 0.09375 0.125 0.15625 0.1875 0.21875 0.25 0.28125 0.3125 0.34375 0.375 0.40625 0.4375 0.46875 0.5 0.53125 0.5625 0.59375 0.625 0.65625 0.6875 0.71875 0.75 0.78125 0.8125 0.84375 0.875 0.90625 0.9375 0.96875 1


# name: h
# type: scalar
0.03125


# name: delta
# type: scalar
1


# name: CondN2
# type: matrix
# rows: 33
# columns: 1
 NaN
 1.0000107289817506
 1.0000095245495901
 1.0000084844913955
 1.0000075826123809
 1.0000067974598139
 1.0000061113671113
 1.0000055097092824
 1.0000049803190674
 1.0000045130261581
 1.0000040992913397
 1.0000037319143227
 1.0000034047991422
 1.0000031127647941
 1.0000028513916237
 1.0000026168961225
 1.0000024060284149
 1.0000022159879598
 1.0000020443539366
 1.0000018890275346
 1.000001748183921
 1.0000016202321207
 1.0000015037813865
 1.0000013976129121
 1.0000013006559609
 1.0000012119676622
 1.0000011307158527
 1.0000010561644677
 1.0000009876610647
 1.0000009246261401
 1.0000008665439573
 1.0000008129546514
 NaN


# name: val_u
# type: matrix
# rows: 33
# columns: 33
 0 0.47139673682599764 0.83146961230254524 0.99518472667219682 0.92387953251128674 0.63439328416364549 0.19509032201612861 -0.29028467725446211 -0.70710678118654746 -0.95694033573220882 -0.98078528040323043 -0.77301045336273688 -0.38268343236509039 0.098017140329560021 0.55557023301960184 0.88192126434835483 1 0.88192126434835516 0.55557023301960229 0.098017140329560631 -0.38268343236508984 -0.7730104533627371 -0.98078528040323054 -0.95694033573220871 -0.70710678118654846 -0.29028467725446355 0.19509032201612714 0.63439328416364471 0.92387953251128641 0.99518472667219693 0.83146961230254568 0.47139673682599825 6.1230317691118863e-16
 0 0.47870564922430947 0.84436138282920625 1.0106148673990085 0.93820410042235136 0.64422942552357376 0.19811515855397815 -0.29478548328657567 -0.71807033081725358 -0.97177750480421177 -0.99599216058718676 -0.78499582628799125 -0.38861686266898782 0.099536876543742242 0.5641842386904744 0.89559527767889224 1.0155048005794951 0.89559527767889258 0.56418423869047485 0.099536876543742853 -0.38861686266898726 -0.78499582628799147 -0.99599216058718687 -0.97177750480421166 -0.71807033081725458 -0.29478548328657711 0.19811515855397668 0.64422942552357298 0.93820410042235103 1.0106148673990087 0.84436138282920681 0.47870564922431008 6.2179681556338794e-16
 0 0.48590463437626968 0.85705925900368984 1.0258129362677271 0.95231322447257516 0.6539176296972975 0.20109450105206519 -0.2992185964546199 -0.72886898685566248 -0.98639152040948075 -1.0109703267883885 -0.79680093723028966 -0.39446105320379493 0.10103375567494115 0.57266868829720874 0.90906363159663539 1.0307764064044151 0.90906363159663583 0.57266868829720918 0.10103375567494179 -0.39446105320379438 -0.79680093723028989 -1.0109703267883887 -0.98639152040948064 -0.72886898685566348 -0.2992185964546214 0.2010945010520637 0.65391762969729661 0.95231322447257483 1.0258129362677273 0.85705925900369029 0.48590463437627029 6.3114766832652185e-16
 0 0.4929985079261448 0.86957173486415629 1.0407890997798337 0.96621634273147816 0.66346437745174369 0.20403034249319438 -0.30358698221769231 -0.73950997288745191 -1.0007921583565462 -1.0257297984079969 -0.80843368302698149 -0.40021991334590956 0.10250877903615487 0.58102925737465327 0.92233533553832503 1.0458250331675945 0.92233533553832536 0.58102925737465372 0.1025087790361555 -0.40021991334590895 -0.80843368302698171 -1.0257297984079969 -1.0007921583565462 -0.73950997288745302 -0.30358698221769381 0.20403034249319285 0.66346437745174291 0.96621634273147772 1.0407890997798337 0.86957173486415673 0.49299850792614541 6.4036199030176725e-16
 0 0.4999917438583098 0.88190670181451891 1.0555528031447867 0.97992222365728232 0.67287568975697709 0.2069245344622076 -0.30789339564176771 -0.74999999999999989 -1.0149885008807644 -1.0402798839916105 -0.81990140025131797 -0.40589707510964834 0.10396287689931798 0.58927121879032618 0.9354187597400031 1.0606601717798212 0.93541875974000344 0.58927121879032662 0.10396287689931862 -0.40589707510964779 -0.81990140025131819 -1.0402798839916105 -1.0149885008807642 -0.75000000000000089 -0.30789339564176926 0.20692453446220604 0.67287568975697631 0.97992222365728199 1.0555528031447867 0.88190670181451947 0.49999174385831047 6.4944559280395159e-16
 0 0.50688850749996539 0.8940715068360402 1.0701128399533937 0.99343903077817153 0.68215717220038508 0.20977880080435318 -0.31214040172267166 -0.76034531628727742 -1.0289890036401792 -1.0546292498945247 -0.83121091933129343 -0.4114959199391019 0.10539691535752962 0.5973994816401601 0.94832169698075408 1.0752906583803283 0.94832169698075441 0.59739948164016055 0.10539691535753029 -0.41149591993910128 -0.83121091933129365 -1.0546292498945247 -1.0289890036401792 -0.76034531628727842 -0.31214040172267321 0.2097788008043516 0.68215717220038419 0.99343903077817108 1.0701128399533937 0.89407150683604064 0.50688850749996606 6.5840388622919872e-16
 0 0.51369268453484052 0.90607300366293453 1.0844774134298132 1.0067743795555748 0.69131405403255319 0.21259474963277822 -0.31633039325263013 -0.77055175037112211 -1.0428015546136458 -1.0687859806474711 -0.84236861212718284 -0.41701960226167789 0.10681170235784929 0.60541862544294711 0.9610514168635248 1.0897247358851685 0.96105141686352524 0.60541862544294767 0.10681170235784995 -0.41701960226167728 -0.84236861212718306 -1.0687859806474713 -1.0428015546136455 -0.77055175037112311 -0.31633039325263168 0.21259474963277661 0.69131405403255242 1.0067743795555746 1.0844774134298134 0.90607300366293508 0.51369268453484118 6.6724191774119464e-16
 0 0.52040790660181169 0.91791759793430083 1.0986541904738354 1.019935387554306 0.70035122261721072 0.21537388392266785 -0.32046560658382101 -0.78062474979979979 -1.0564335260662943 -1.0827576322169545 -0.85338043390892093 -0.42247107026925312 0.10820799302399665 0.61333293030989533 0.97361471370677211 1.103970108290981 0.97361471370677255 0.61333293030989589 0.10820799302399733 -0.42247107026925251 -0.85338043390892115 -1.0827576322169545 -1.056433526066294 -0.7806247497998009 -0.32046560658382256 0.21537388392266624 0.70035122261720995 1.0199353875543058 1.0986541904738356 0.91791759793430128 0.52040790660181235 6.7596440452155659e-16
 0 0.52703757395725459 0.9296112871669433 1.1126503495042901 1.0329287188579821 0.70927325392962615 0.21811761089019371 -0.32454813558378215 -0.79056941504209477 -1.0698918205543451 -1.0965512791564078 -0.86425196051850528 -0.42785308431564262 0.10958649436851618 0.62114640365361407 0.98601794894274164 1.1180339887498949 0.98601794894274197 0.62114640365361451 0.10958649436851686 -0.42785308431564201 -0.86425196051850561 -1.096551279156408 -1.0698918205543448 -0.79056941504209588 -0.32454813558378376 0.21811761089019205 0.70927325392962526 1.0329287188579817 1.1126503495042903 0.92961128716694386 0.52703757395725526 6.8457576320624877e-16
 0 0.53358487560257684 0.94115969625716855 1.1264726229510948 1.0457606235165064 0.71808443964370783 0.22082725032241174 -0.32857994402988411 -0.80039052967910607 -1.0831829117842093 -1.110173556483419 -0.8749884213757243 -0.4331682332562819 0.11094786947787844 0.62886280390965554 0.99826708877343162 1.1319231422671772 0.99826708877343195 0.6288628039096561 0.11094786947787913 -0.43316823325628123 -0.87498842137572463 -1.1101735564834192 -1.0831829117842091 -0.80039052967910718 -0.32857994402988577 0.22082725032241007 0.71808443964370694 1.045760623516506 1.1264726229510951 0.941159696257169 0.5335848756025775 6.9308013602948792e-16
