# Created by Octave 8.3.0, Thu Nov 09 13:56:04 2023 GMT <unknown@Vashakidze>
# name: t
# type: matrix
# rows: 1
# columns: 17
 0 0.0625 0.125 0.1875 0.25 0.3125 0.375 0.4375 0.5 0.5625 0.625 0.6875 0.75 0.8125 0.875 0.9375 1


# name: tau
# type: scalar
0.0625


# name: x
# type: matrix
# rows: 1
# columns: 17
 0 0.0625 0.125 0.1875 0.25 0.3125 0.375 0.4375 0.5 0.5625 0.625 0.6875 0.75 0.8125 0.875 0.9375 1


# name: h
# type: scalar
0.0625


# name: delta
# type: scalar
1


# name: CondN2
# type: matrix
# rows: 17
# columns: 1
 NaN
 1.0000095665748752
 1.0000076164742397
 1.0000061394262441
 1.0000050041142396
 1.0000041198538645
 1.0000034228393826
 1.0000028674122023
 1.0000024203944362
 1.000002057337446
 1.000001759992605
 1.0000015145774541
 1.0000013105687917
 1.000001139850627
 1.0000009961047571
 1.0000008743695732
 NaN


# name: val_u
# type: matrix
# rows: 17
# columns: 17
 0 0.83146961230254524 0.92387953251128674 0.19509032201612861 -0.70710678118654746 -0.98078528040323043 -0.38268343236509039 0.55557023301960184 1 0.55557023301960229 -0.38268343236508984 -0.98078528040323054 -0.70710678118654846 0.19509032201612714 0.92387953251128641 0.83146961230254568 6.1230317691118863e-16
 0 0.85705925900368984 0.95231322447257516 0.20109450105206519 -0.72886898685566248 -1.0109703267883885 -0.39446105320379493 0.57266868829720874 1.0307764064044151 0.57266868829720918 -0.39446105320379438 -1.0109703267883887 -0.72886898685566348 0.2010945010520637 0.95231322447257483 0.85705925900369029 6.3114766832652185e-16
 0 0.88190670181451891 0.97992222365728232 0.2069245344622076 -0.74999999999999989 -1.0402798839916105 -0.40589707510964834 0.58927121879032618 1.0606601717798212 0.58927121879032662 -0.40589707510964779 -1.0402798839916105 -0.75000000000000089 0.20692453446220604 0.97992222365728199 0.88190670181451947 6.4944559280395159e-16
 0 0.90607300366293453 1.0067743795555748 0.21259474963277822 -0.77055175037112211 -1.0687859806474711 -0.41701960226167789 0.60541862544294711 1.0897247358851685 0.60541862544294767 -0.41701960226167728 -1.0687859806474713 -0.77055175037112311 0.21259474963277661 1.0067743795555746 0.90607300366293508 6.6724191774119464e-16
 0 0.9296112871669433 1.0329287188579821 0.21811761089019371 -0.79056941504209477 -1.0965512791564078 -0.42785308431564262 0.62114640365361407 1.1180339887498949 0.62114640365361451 -0.42785308431564201 -1.096551279156408 -0.79056941504209588 0.21811761089019205 1.0329287188579817 0.92961128716694386 6.8457576320624877e-16
 0 0.95256810910799972 1.0584369726883465 0.22350404199805479 -0.81009258730098244 -1.123630696986573 -0.43841894900463507 0.636485661669145 1.14564392373896 0.63648566166914544 -0.43841894900463441 -1.123630696986573 -0.81009258730098355 0.2235040419980531 1.0584369726883462 0.95256810910800027 7.0148141411436465e-16
 0 0.97498454333953377 1.0833447798673106 0.22876368024336935 -0.82915619758884995 -1.1500726840515385 -0.44873610054713586 0.65146384416097891 1.1726039399558574 0.65146384416097947 -0.44873610054713525 -1.1500726840515385 -0.82915619758885106 0.22876368024336763 1.0833447798673101 0.97498454333953433 7.1798911769354822e-16
 0 0.99689704433928783 1.1076926464402617 0.23390507905454475 -0.84779124789065841 -1.1759202413397292 -0.45882131709650287 0.66610530923239986 1.1989578808281798 0.66610530923240041 -0.4588213170965022 -1.1759202413397294 -0.84779124789065952 0.23390507905454297 1.1076926464402614 0.99689704433928839 7.3412571941380076e-16
 0 1.018338143385495 1.1315167192268571 0.23893587134738711 -0.86602540378443849 -1.201211742110218 -0.46868957115567444 0.68043179358858741 1.2247448713915889 0.68043179358858785 -0.46868957115567378 -1.2012117421102182 -0.86602540378443971 0.23893587134738531 1.1315167192268567 1.0183381433854957 7.4991517565875501e-16
 0 1.0393370153781816 1.1548494156391085 0.24386290252016077 -0.88388347648318433 -1.225981600504038 -0.47835429045636302 0.69446279127450228 1.25 0.69446279127450283 -0.4783542904563623 -1.2259816005040383 -0.88388347648318555 0.24386290252015891 1.154849415639108 1.039337015378182 7.6537897113898579e-16
 0 1.0599199445225262 1.1777199411210075 0.24869233971833496 -0.90138781886599717 -1.2502608208551607 -0.48782757228956514 0.70821586483456 1.2747548783981961 0.70821586483456056 -0.48782757228956442 -1.2502608208551609 -0.9013878188659985 0.24869233971833307 1.1777199411210071 1.0599199445225269 7.8053646182625146e-16
 0 1.0801107100932037 1.2001547177868983 0.25342976234768094 -0.91855865354369171 -1.2740774527305623 -0.49712036105338853 0.72170690307212304 1.299038105676658 0.7217069030721236 -0.4971203610533878 -1.2740774527305625 -0.91855865354369304 0.253429762347679 1.2001547177868979 1.0801107100932041 7.9540515903451011e-16
 0 1.0999309084299129 1.222177742203739 0.25808023762509275 -0.93541434669348533 -1.2974569707498496 -0.50624259645131775 0.73495033620003591 1.3228756555322954 0.73495033620003647 -0.50624259645131708 -1.2974569707498498 -0.93541434669348666 0.2580802376250908 1.2221777422037385 1.0999309084299136 8.1000096654089568e-16
 0 1.1194002235933591 1.2438108861279147 0.26264838408344837 -0.95197163823298836 -1.3204225938457557 -0.51520333806148044 0.74795931668716886 1.3462912017836259 0.74795931668716942 -0.51520333806147978 -1.3204225938457559 -0.95197163823298969 0.26264838408344637 1.2438108861279142 1.1194002235933598 8.2433837989969623e-16
 0 1.1385366563454475 1.2650741509343981 0.26713842529795095 -0.96824583655185414 -1.3429955553646971 -0.52401087072465646 0.76074587225809354 1.3693063937629153 0.76074587225809409 -0.52401087072465569 -1.3429955553646973 -0.96824583655185548 0.26713842529794896 1.2650741509343977 1.1385366563454482 8.3843065506583604e-16
 0 1.1573567190385514 1.2859858841661007 0.27155423561360853 -0.98425098425147617 -1.3651953329543391 -0.53267279424195579 0.77332103611392755 1.3919410907075054 0.77332103611392811 -0.53267279424195502 -1.3651953329543391 -0.98425098425147761 0.27155423561360648 1.2859858841661003 1.1573567190385521 8.5228995191343054e-16
 0 1.1758756024193588 1.3065629648763766 0.2758993792829435 -1 -1.3870398453221475 -0.5411961001461979 0.78569495838710168 1.4142135623730951 0.78569495838710235 -0.54119610014619712 -1.3870398453221477 -1.0000000000000013 0.27589937928294145 1.3065629648763761 1.1758756024193595 8.6592745707193559e-16


