# Created by Octave 8.3.0, Wed Nov 08 15:01:47 2023 GMT <unknown@Vashakidze>
# name: t
# type: matrix
# rows: 1
# columns: 3
 0 0.5 1


# name: tau
# type: scalar
0.5


# name: x
# type: matrix
# rows: 1
# columns: 7
 0 0.16666666666666666 0.33333333333333331 0.5 0.66666666666666674 0.83333333333333337 1


# name: h
# type: scalar
0.16666666666666666


# name: delta
# type: scalar
0.33333333333333331


# name: CondN2
# type: matrix
# rows: 3
# columns: 1
 NaN
 8.7261488322779961
 NaN


# name: val_u
# type: matrix
# rows: 3
# columns: 7
 0 -0 -0 -0 -0 -0 0
 0 -0.12028130608117202 -0.19245008972987523 -0.21650635094610965 -0.19245008972987521 -0.12028130608117202 0
 0 -0.24056261216234404 -0.38490017945975047 -0.4330127018922193 -0.38490017945975041 -0.24056261216234404 0


# name: app_u
# type: matrix
# rows: 3
# columns: 7
 0 -0 -0 -0 -0 -0 0
 0 -0.12028130608117202 -0.19245008972987523 -0.21650635094610965 -0.19245008972987521 -0.12028130608117202 0
 0 -0.24056261216234395 -0.3849001794597503 -0.43301270189221913 -0.3849001794597503 -0.24056261216234395 0


# name: q
# type: matrix
# rows: 3
# columns: 1
 1
 1.2499999999999998
 1.9999999999999987


# name: err
# type: matrix
# rows: 3
# columns: 1
 0
 0
 1.6653345369377348e-16


# name: ell
# type: scalar
1


# name: T
# type: scalar
1


# name: m
# type: scalar
6


# name: n
# type: scalar
2


# name: problem
# type: scalar
4


