# Created by Octave 8.3.0, Thu Nov 09 20:34:41 2023 GMT <unknown@Vashakidze>
# name: h
# type: scalar
0.001


# name: n1
# type: matrix
# rows: 100
# columns: 1
 10
 20
 30
 40
 50
 60
 70
 80
 90
 100
 110
 120
 130
 140
 150
 160
 170
 180
 190
 200
 210
 220
 230
 240
 250
 260
 270
 280
 290
 300
 310
 320
 330
 340
 350
 360
 370
 380
 390
 400
 410
 420
 430
 440
 450
 460
 470
 480
 490
 500
 510
 520
 530
 540
 550
 560
 570
 580
 590
 600
 610
 620
 630
 640
 650
 660
 670
 680
 690
 700
 710
 720
 730
 740
 750
 760
 770
 780
 790
 800
 810
 820
 830
 840
 850
 860
 870
 880
 890
 900
 910
 920
 930
 940
 950
 960
 970
 980
 990
 1000


# name: error
# type: matrix
# rows: 100
# columns: 1
 1.8295883931305035
 0.40582669340086974
 0.19197605840829834
 0.10841129354351708
 0.069654281857363998
 0.048364249022137318
 0.035694577709289188
 0.027371717980121946
 0.021633374027554275
 0.017518088786226627
 0.014469981685055089
 0.012151028110576445
 0.010346635369473223
 0.0089228780288959086
 0.0077755969367244715
 0.006835009286908944
 0.0060545376757167313
 0.0053999582819032055
 0.0048456867759315569
 0.0043722983039409247
 0.0039648365752914527
 0.0036127243781037821
 0.0033058998913070292
 0.0030363742049994702
 0.0027983660801760291
 0.0025871674301596315
 0.0023989138973999902
 0.0022304104627838273
 0.0020789974853218096
 0.0019426506170009405
 0.0018195049665520324
 0.0017076512392136811
 0.001605756328501684
 0.0015126773241465052
 0.0014274299906720245
 0.0013491631675037752
 0.001277137821152019
 0.0012107355872004177
 0.001149515721006078
 0.0010928018554190455
 0.0010401644664350673
 0.0009912237656873879
 0.00094564300303567883
 0.00090312275953075005
 0.00086339611274932615
 0.00082622450286007343
 0.00079146371855121078
 0.00075885406778242182
 0.00072820960152464309
 0.00069937623546434402
 0.00067221464272027021
 0.00064659857444304691
 0.00062241343154234574
 0.0005995550050359455
 0.00057795137531335694
 0.00055750968527179534
 0.00053812851802070849
 0.0005197360991221478
 0.00050226659491370285
 0.00048565953891055447
 0.00046985931679566217
 0.00045481470435182469
 0.00044048346782066261
 0.00042683591142367305
 0.00041380992589035159
 0.00040136850634142629
 0.00038947734341376883
 0.00037810460614762231
 0.00036722071792827382
 0.00035679817092615362
 0.00034681135926895035
 0.00033724947963986729
 0.00032807777727672516
 0.00031927346016957792
 0.00031081725936066285
 0.00030269113441527828
 0.0002948782075956613
 0.00028736265548989781
 0.0002801296346846005
 0.00027317047266739447
 0.00026647075260888275
 0.00026001336893999305
 0.00025378683084731346
 0.00024778031165018088
 0.00024198361093197285
 0.00023638710880369285
 0.00023098173347357864
 0.00022576022771225723
 0.00022071827657554888
 0.00021584257532158979
 0.00021112592932914787
 0.00020656152329645572
 0.00020214290465669915
 0.00019786395705734261
 0.00019371888030961237
 0.00018970217538571976
 0.00018581253071170423
 0.00018204139340849412
 0.00017838338113018715
 0.00017483403439766398


# name: tau1
# type: matrix
# rows: 100
# columns: 1
 0.10000000000000001
 0.050000000000000003
 0.033333333333333333
 0.025000000000000001
 0.02
 0.016666666666666666
 0.014285714285714285
 0.012500000000000001
 0.011111111111111112
 0.01
 0.0090909090909090905
 0.0083333333333333332
 0.0076923076923076927
 0.0071428571428571426
 0.0066666666666666671
 0.0062500000000000003
 0.0058823529411764705
 0.0055555555555555558
 0.005263157894736842
 0.0050000000000000001
 0.0047619047619047623
 0.0045454545454545452
 0.0043478260869565218
 0.0041666666666666666
 0.0040000000000000001
 0.0038461538461538464
 0.0037037037037037038
 0.0035714285714285713
 0.0034482758620689655
 0.0033333333333333335
 0.0032258064516129032
 0.0031250000000000002
 0.0030303030303030303
 0.0029411764705882353
 0.0028571428571428571
 0.0027777777777777779
 0.0027027027027027029
 0.002631578947368421
 0.0025641025641025641
 0.0025000000000000001
 0.0024390243902439024
 0.0023809523809523812
 0.0023255813953488372
 0.0022727272727272726
 0.0022222222222222222
 0.0021739130434782609
 0.0021276595744680851
 0.0020833333333333333
 0.0020408163265306124
 0.002
 0.0019607843137254902
 0.0019230769230769232
 0.0018867924528301887
 0.0018518518518518519
 0.0018181818181818182
 0.0017857142857142857
 0.0017543859649122807
 0.0017241379310344827
 0.0016949152542372881
 0.0016666666666666668
 0.001639344262295082
 0.0016129032258064516
 0.0015873015873015873
 0.0015625000000000001
 0.0015384615384615385
 0.0015151515151515152
 0.0014925373134328358
 0.0014705882352941176
 0.0014492753623188406
 0.0014285714285714286
 0.0014084507042253522
 0.0013888888888888889
 0.0013698630136986301
 0.0013513513513513514
 0.0013333333333333333
 0.0013157894736842105
 0.0012987012987012987
 0.0012820512820512821
 0.0012658227848101266
 0.00125
 0.0012345679012345679
 0.0012195121951219512
 0.0012048192771084338
 0.0011904761904761906
 0.001176470588235294
 0.0011627906976744186
 0.0011494252873563218
 0.0011363636363636363
 0.0011235955056179776
 0.0011111111111111111
 0.0010989010989010989
 0.0010869565217391304
 0.0010752688172043011
 0.0010638297872340426
 0.0010526315789473684
 0.0010416666666666667
 0.0010309278350515464
 0.0010204081632653062
 0.0010101010101010101
 0.001


# name: tau10
# type: matrix
# rows: 100
# columns: 1
 -1
 -1.3010299956639813
 -1.4771212547196624
 -1.6020599913279623
 -1.6989700043360187
 -1.7781512503836436
 -1.8450980400142569
 -1.9030899869919435
 -1.9542425094393248
 -2
 -2.0413926851582249
 -2.0791812460476247
 -2.1139433523068369
 -2.1461280356782382
 -2.1760912590556813
 -2.2041199826559246
 -2.2304489213782741
 -2.255272505103306
 -2.2787536009528289
 -2.3010299956639813
 -2.3222192947339191
 -2.3424226808222062
 -2.3617278360175931
 -2.3802112417116059
 -2.3979400086720375
 -2.4149733479708178
 -2.4313637641589874
 -2.4471580313422194
 -2.4623979978989561
 -2.4771212547196626
 -2.4913616938342726
 -2.5051499783199058
 -2.5185139398778875
 -2.5314789170422549
 -2.5440680443502757
 -2.5563025007672873
 -2.568201724066995
 -2.5797835966168101
 -2.5910646070264991
 -2.6020599913279625
 -2.6127838567197355
 -2.6232492903979003
 -2.6334684555795866
 -2.6434526764861874
 -2.6532125137753435
 -2.6627578316815739
 -2.6720978579357175
 -2.6812412373755872
 -2.6901960800285134
 -2.6989700043360187
 -2.7075701760979363
 -2.716003343634799
 -2.7242758696007892
 -2.7323937598229686
 -2.7403626894942437
 -2.7481880270062002
 -2.7558748556724915
 -2.7634279935629373
 -2.7708520116421442
 -2.7781512503836434
 -2.7853298350107671
 -2.7923916894982539
 -2.7993405494535817
 -2.8061799739838871
 -2.8129133566428557
 -2.8195439355418688
 -2.8260748027008264
 -2.8325089127062362
 -2.8388490907372552
 -2.8450980400142569
 -2.8512583487190755
 -2.8573324964312685
 -2.8633228601204559
 -2.8692317197309762
 -2.8750612633917001
 -2.8808135922807914
 -2.8864907251724818
 -2.8920946026904804
 -2.8976270912904414
 -2.9030899869919438
 -2.90848501887865
 -2.9138138523837167
 -2.9190780923760737
 -2.9242792860618816
 -2.9294189257142929
 -2.9344984512435679
 -2.9395192526186187
 -2.9444826721501687
 -2.9493900066449128
 -2.9542425094393248
 -2.9590413923210934
 -2.9637878273455551
 -2.9684829485539352
 -2.9731278535996988
 -2.9777236052888476
 -2.9822712330395684
 -2.9867717342662448
 -2.9912260756924947
 -2.9956351945975501
 -3


