# Created by Octave 8.4.0, Wed Nov 15 00:00:17 2023 GMT <unknown@Vashakidze>
# name: h
# type: scalar
0.001


# name: n1
# type: matrix
# rows: 100
# columns: 1
 10
 20
 30
 40
 50
 60
 70
 80
 90
 100
 110
 120
 130
 140
 150
 160
 170
 180
 190
 200
 210
 220
 230
 240
 250
 260
 270
 280
 290
 300
 310
 320
 330
 340
 350
 360
 370
 380
 390
 400
 410
 420
 430
 440
 450
 460
 470
 480
 490
 500
 510
 520
 530
 540
 550
 560
 570
 580
 590
 600
 610
 620
 630
 640
 650
 660
 670
 680
 690
 700
 710
 720
 730
 740
 750
 760
 770
 780
 790
 800
 810
 820
 830
 840
 850
 860
 870
 880
 890
 900
 910
 920
 930
 940
 950
 960
 970
 980
 990
 1000


# name: error
# type: matrix
# rows: 100
# columns: 1
 7.6601493644881522
 2.2338666447545248
 1.1050909280876571
 0.37514235608376367
 0.22285725209316842
 0.14841159861445297
 0.1061628199709137
 0.079818224493884538
 0.062258440180404939
 0.049954291305005061
 0.04099073223239591
 0.034267594660254752
 0.029104313599022547
 0.025027725674449774
 0.021752681090659531
 0.019081818491492042
 0.016875017844349971
 0.015030570036643431
 0.013473196498634876
 0.012146212509856369
 0.011006273825565405
 0.010019777244113737
 0.0091603456120276094
 0.008407039334281774
 0.0077430639544355806
 0.0071548225874686899
 0.006631211839901785
 0.0061630922890204554
 0.0057428856685148855
 0.0053642653283066943
 0.0050227235956313843
 0.0047128845382752305
 0.0044308289130793321
 0.0041733345766068464
 0.0039376328831179919
 0.0037213342544004657
 0.0035223676080866628
 0.0033389308008973106
 0.0031694498095291568
 0.0030125449416803507
 0.0028670027898354267
 0.0027317527397949792
 0.0026058472988195192
 0.0024884454847802218
 0.0023787987901530139
 0.0022762392495617734
 0.0021801692594074495
 0.0020900528781477856
 0.0020054083365472763
 0.0019258849246363008
 0.0018510439477749108
 0.0017804762195668955
 0.0017138629421592499
 0.0016509144606997594
 0.0015913671198142243
 0.0015349805400728389
 0.0014815351779684516
 0.0014308302037352449
 0.0013826816207289649
 0.0013369206083551077
 0.0012933920402056209
 0.0012519531659053174
 0.0012124724675794951
 0.001174828593706545
 0.00113890944281414
 0.0011046113324593154
 0.0010718382538471571
 0.0010405011855891821
 0.0010105246617893027
 0.00098185254873150996
 0.00095438178935991491
 0.00092804629686882301
 0.00090278446493075037
 0.00087853878807275798
 0.0008552555662377781
 0.00083288458662966747
 0.00081137887546667287
 0.0007906944353819334
 0.00077079002531932339
 0.00075162695718056227
 0.00073316891577013266
 0.00071538176822616428
 0.00069823343257824355
 0.00068169371325599304
 0.00066573417466286866
 0.00065032802902642572
 0.00063545000404308105
 0.00062107626248686376
 0.0006071938961718093
 0.00059377490173428971
 0.00058079520799581008
 0.000568235869686462
 0.00055607896185894123
 0.0005443074897641953
 0.00053290536227146301
 0.00052185730138620823
 0.000511148827446406
 0.00050076617136118884
 0.00049069627224318513
 0.00048092670889121614


# name: tau1
# type: matrix
# rows: 100
# columns: 1
 0.10000000000000001
 0.050000000000000003
 0.033333333333333333
 0.025000000000000001
 0.02
 0.016666666666666666
 0.014285714285714285
 0.012500000000000001
 0.011111111111111112
 0.01
 0.0090909090909090905
 0.0083333333333333332
 0.0076923076923076927
 0.0071428571428571426
 0.0066666666666666671
 0.0062500000000000003
 0.0058823529411764705
 0.0055555555555555558
 0.005263157894736842
 0.0050000000000000001
 0.0047619047619047623
 0.0045454545454545452
 0.0043478260869565218
 0.0041666666666666666
 0.0040000000000000001
 0.0038461538461538464
 0.0037037037037037038
 0.0035714285714285713
 0.0034482758620689655
 0.0033333333333333335
 0.0032258064516129032
 0.0031250000000000002
 0.0030303030303030303
 0.0029411764705882353
 0.0028571428571428571
 0.0027777777777777779
 0.0027027027027027029
 0.002631578947368421
 0.0025641025641025641
 0.0025000000000000001
 0.0024390243902439024
 0.0023809523809523812
 0.0023255813953488372
 0.0022727272727272726
 0.0022222222222222222
 0.0021739130434782609
 0.0021276595744680851
 0.0020833333333333333
 0.0020408163265306124
 0.002
 0.0019607843137254902
 0.0019230769230769232
 0.0018867924528301887
 0.0018518518518518519
 0.0018181818181818182
 0.0017857142857142857
 0.0017543859649122807
 0.0017241379310344827
 0.0016949152542372881
 0.0016666666666666668
 0.001639344262295082
 0.0016129032258064516
 0.0015873015873015873
 0.0015625000000000001
 0.0015384615384615385
 0.0015151515151515152
 0.0014925373134328358
 0.0014705882352941176
 0.0014492753623188406
 0.0014285714285714286
 0.0014084507042253522
 0.0013888888888888889
 0.0013698630136986301
 0.0013513513513513514
 0.0013333333333333333
 0.0013157894736842105
 0.0012987012987012987
 0.0012820512820512821
 0.0012658227848101266
 0.00125
 0.0012345679012345679
 0.0012195121951219512
 0.0012048192771084338
 0.0011904761904761906
 0.001176470588235294
 0.0011627906976744186
 0.0011494252873563218
 0.0011363636363636363
 0.0011235955056179776
 0.0011111111111111111
 0.0010989010989010989
 0.0010869565217391304
 0.0010752688172043011
 0.0010638297872340426
 0.0010526315789473684
 0.0010416666666666667
 0.0010309278350515464
 0.0010204081632653062
 0.0010101010101010101
 0.001


# name: tau10
# type: matrix
# rows: 100
# columns: 1
 -1
 -1.3010299956639813
 -1.4771212547196624
 -1.6020599913279623
 -1.6989700043360187
 -1.7781512503836436
 -1.8450980400142569
 -1.9030899869919435
 -1.9542425094393248
 -2
 -2.0413926851582249
 -2.0791812460476247
 -2.1139433523068369
 -2.1461280356782382
 -2.1760912590556813
 -2.2041199826559246
 -2.2304489213782741
 -2.255272505103306
 -2.2787536009528289
 -2.3010299956639813
 -2.3222192947339191
 -2.3424226808222062
 -2.3617278360175931
 -2.3802112417116059
 -2.3979400086720375
 -2.4149733479708178
 -2.4313637641589874
 -2.4471580313422194
 -2.4623979978989561
 -2.4771212547196626
 -2.4913616938342726
 -2.5051499783199058
 -2.5185139398778875
 -2.5314789170422549
 -2.5440680443502757
 -2.5563025007672873
 -2.568201724066995
 -2.5797835966168101
 -2.5910646070264991
 -2.6020599913279625
 -2.6127838567197355
 -2.6232492903979003
 -2.6334684555795866
 -2.6434526764861874
 -2.6532125137753435
 -2.6627578316815739
 -2.6720978579357175
 -2.6812412373755872
 -2.6901960800285134
 -2.6989700043360187
 -2.7075701760979363
 -2.716003343634799
 -2.7242758696007892
 -2.7323937598229686
 -2.7403626894942437
 -2.7481880270062002
 -2.7558748556724915
 -2.7634279935629373
 -2.7708520116421442
 -2.7781512503836434
 -2.7853298350107671
 -2.7923916894982539
 -2.7993405494535817
 -2.8061799739838871
 -2.8129133566428557
 -2.8195439355418688
 -2.8260748027008264
 -2.8325089127062362
 -2.8388490907372552
 -2.8450980400142569
 -2.8512583487190755
 -2.8573324964312685
 -2.8633228601204559
 -2.8692317197309762
 -2.8750612633917001
 -2.8808135922807914
 -2.8864907251724818
 -2.8920946026904804
 -2.8976270912904414
 -2.9030899869919438
 -2.90848501887865
 -2.9138138523837167
 -2.9190780923760737
 -2.9242792860618816
 -2.9294189257142929
 -2.9344984512435679
 -2.9395192526186187
 -2.9444826721501687
 -2.9493900066449128
 -2.9542425094393248
 -2.9590413923210934
 -2.9637878273455551
 -2.9684829485539352
 -2.9731278535996988
 -2.9777236052888476
 -2.9822712330395684
 -2.9867717342662448
 -2.9912260756924947
 -2.9956351945975501
 -3


