# Created by Octave 8.3.0, Thu Nov 09 19:34:38 2023 GMT <unknown@Vashakidze>
# name: h
# type: scalar
0.001


# name: n1
# type: matrix
# rows: 100
# columns: 1
 10
 20
 30
 40
 50
 60
 70
 80
 90
 100
 110
 120
 130
 140
 150
 160
 170
 180
 190
 200
 210
 220
 230
 240
 250
 260
 270
 280
 290
 300
 310
 320
 330
 340
 350
 360
 370
 380
 390
 400
 410
 420
 430
 440
 450
 460
 470
 480
 490
 500
 510
 520
 530
 540
 550
 560
 570
 580
 590
 600
 610
 620
 630
 640
 650
 660
 670
 680
 690
 700
 710
 720
 730
 740
 750
 760
 770
 780
 790
 800
 810
 820
 830
 840
 850
 860
 870
 880
 890
 900
 910
 920
 930
 940
 950
 960
 970
 980
 990
 1000


# name: error
# type: matrix
# rows: 100
# columns: 1
 0.025275789570625484
 0.0060771984711848193
 0.0026813601869741799
 0.0015043337185454142
 0.0009623448536136836
 0.00066860079216601864
 0.00049125386876625043
 0.00037608774629149799
 0.0002971156776861994
 0.00024062651297185322
 0.00019883374894968942
 0.00016705038618425316
 0.0001423186113346242
 0.00012272454802342292
 0.00010691324426481685
 9.3968971104252397e-05
 8.3238834998833333e-05
 7.4245590332089328e-05
 6.6633896478540677e-05
 6.0134778388398757e-05
 5.4541641598904178e-05
 4.9695097331325933e-05
 4.5469505502881979e-05
 4.1760321568329317e-05
 3.8486780095658979e-05
 3.5583298147900955e-05
 3.2996176392852128e-05
 3.068110735870988e-05
 2.8601265823713362e-05
 2.6725854234910251e-05
 2.5029757794059471e-05
 2.3490416809601733e-05
 2.2088728148572656e-05
 2.0808773777747369e-05
 1.9636866779415563e-05
 1.8561193399713183e-05
 1.757150458958634e-05
 1.6658885179987593e-05
 1.5815543780384189e-05
 1.5035091453285965e-05
 1.4310988530219504e-05
 1.3637943869437841e-05
 1.3011273975793713e-05
 1.2426818487454305e-05
 1.1880871664038395e-05
 1.1370130667320844e-05
 1.089163445022745e-05
 1.0442806382737757e-05
 1.0021293440631851e-05
 9.6248012272370786e-06
 9.2513900458168763e-06
 8.8993048328322999e-06
 8.566955754352179e-06
 8.2528947330517965e-06
 7.9558103150967341e-06
 7.6744989437882438e-06
 7.4079496691359381e-06
 7.1550890253790911e-06
 6.9149775298038563e-06
 6.6867691058680734e-06
 6.4696957414733802e-06
 6.263041219978227e-06
 6.0661542687912018e-06
 5.8784296208536091e-06
 5.6993168778829428e-06
 5.5283399889027862e-06
 5.3649676400313595e-06
 5.2087541220213751e-06
 5.0592879266009305e-06
 4.9161874892122981e-06
 4.7790971943184601e-06
 4.6476864211664193e-06
 4.52164581943304e-06
 4.4007113203514692e-06
 4.2846061028001259e-06
 4.1730600995881773e-06
 4.0658380908720204e-06
 3.9627200306702193e-06
 3.8635021769595213e-06
 3.7679918800659351e-06
 3.6760038135685846e-06
 3.5873698172039781e-06
 3.5019541422265377e-06
 3.4195796917435572e-06
 3.340103568838515e-06
 3.2633909702317609e-06
 3.1893198435550829e-06
 3.1177663750714402e-06
 3.048620016654624e-06
 2.9817782630781053e-06
 2.9171433399977076e-06
 2.8546243011629002e-06
 2.7941187370483789e-06
 2.735543517595751e-06
 2.6788181278769585e-06
 2.6238657678812061e-06
 2.5706130153402285e-06
 2.5189936299074844e-06
 2.4689413781198155e-06
 2.4204018437279373e-06


# name: tau1
# type: matrix
# rows: 100
# columns: 1
 0.10000000000000001
 0.050000000000000003
 0.033333333333333333
 0.025000000000000001
 0.02
 0.016666666666666666
 0.014285714285714285
 0.012500000000000001
 0.011111111111111112
 0.01
 0.0090909090909090905
 0.0083333333333333332
 0.0076923076923076927
 0.0071428571428571426
 0.0066666666666666671
 0.0062500000000000003
 0.0058823529411764705
 0.0055555555555555558
 0.005263157894736842
 0.0050000000000000001
 0.0047619047619047623
 0.0045454545454545452
 0.0043478260869565218
 0.0041666666666666666
 0.0040000000000000001
 0.0038461538461538464
 0.0037037037037037038
 0.0035714285714285713
 0.0034482758620689655
 0.0033333333333333335
 0.0032258064516129032
 0.0031250000000000002
 0.0030303030303030303
 0.0029411764705882353
 0.0028571428571428571
 0.0027777777777777779
 0.0027027027027027029
 0.002631578947368421
 0.0025641025641025641
 0.0025000000000000001
 0.0024390243902439024
 0.0023809523809523812
 0.0023255813953488372
 0.0022727272727272726
 0.0022222222222222222
 0.0021739130434782609
 0.0021276595744680851
 0.0020833333333333333
 0.0020408163265306124
 0.002
 0.0019607843137254902
 0.0019230769230769232
 0.0018867924528301887
 0.0018518518518518519
 0.0018181818181818182
 0.0017857142857142857
 0.0017543859649122807
 0.0017241379310344827
 0.0016949152542372881
 0.0016666666666666668
 0.001639344262295082
 0.0016129032258064516
 0.0015873015873015873
 0.0015625000000000001
 0.0015384615384615385
 0.0015151515151515152
 0.0014925373134328358
 0.0014705882352941176
 0.0014492753623188406
 0.0014285714285714286
 0.0014084507042253522
 0.0013888888888888889
 0.0013698630136986301
 0.0013513513513513514
 0.0013333333333333333
 0.0013157894736842105
 0.0012987012987012987
 0.0012820512820512821
 0.0012658227848101266
 0.00125
 0.0012345679012345679
 0.0012195121951219512
 0.0012048192771084338
 0.0011904761904761906
 0.001176470588235294
 0.0011627906976744186
 0.0011494252873563218
 0.0011363636363636363
 0.0011235955056179776
 0.0011111111111111111
 0.0010989010989010989
 0.0010869565217391304
 0.0010752688172043011
 0.0010638297872340426
 0.0010526315789473684
 0.0010416666666666667
 0.0010309278350515464
 0.0010204081632653062
 0.0010101010101010101
 0.001


# name: tau10
# type: matrix
# rows: 100
# columns: 1
 -1
 -1.3010299956639813
 -1.4771212547196624
 -1.6020599913279623
 -1.6989700043360187
 -1.7781512503836436
 -1.8450980400142569
 -1.9030899869919435
 -1.9542425094393248
 -2
 -2.0413926851582249
 -2.0791812460476247
 -2.1139433523068369
 -2.1461280356782382
 -2.1760912590556813
 -2.2041199826559246
 -2.2304489213782741
 -2.255272505103306
 -2.2787536009528289
 -2.3010299956639813
 -2.3222192947339191
 -2.3424226808222062
 -2.3617278360175931
 -2.3802112417116059
 -2.3979400086720375
 -2.4149733479708178
 -2.4313637641589874
 -2.4471580313422194
 -2.4623979978989561
 -2.4771212547196626
 -2.4913616938342726
 -2.5051499783199058
 -2.5185139398778875
 -2.5314789170422549
 -2.5440680443502757
 -2.5563025007672873
 -2.568201724066995
 -2.5797835966168101
 -2.5910646070264991
 -2.6020599913279625
 -2.6127838567197355
 -2.6232492903979003
 -2.6334684555795866
 -2.6434526764861874
 -2.6532125137753435
 -2.6627578316815739
 -2.6720978579357175
 -2.6812412373755872
 -2.6901960800285134
 -2.6989700043360187
 -2.7075701760979363
 -2.716003343634799
 -2.7242758696007892
 -2.7323937598229686
 -2.7403626894942437
 -2.7481880270062002
 -2.7558748556724915
 -2.7634279935629373
 -2.7708520116421442
 -2.7781512503836434
 -2.7853298350107671
 -2.7923916894982539
 -2.7993405494535817
 -2.8061799739838871
 -2.8129133566428557
 -2.8195439355418688
 -2.8260748027008264
 -2.8325089127062362
 -2.8388490907372552
 -2.8450980400142569
 -2.8512583487190755
 -2.8573324964312685
 -2.8633228601204559
 -2.8692317197309762
 -2.8750612633917001
 -2.8808135922807914
 -2.8864907251724818
 -2.8920946026904804
 -2.8976270912904414
 -2.9030899869919438
 -2.90848501887865
 -2.9138138523837167
 -2.9190780923760737
 -2.9242792860618816
 -2.9294189257142929
 -2.9344984512435679
 -2.9395192526186187
 -2.9444826721501687
 -2.9493900066449128
 -2.9542425094393248
 -2.9590413923210934
 -2.9637878273455551
 -2.9684829485539352
 -2.9731278535996988
 -2.9777236052888476
 -2.9822712330395684
 -2.9867717342662448
 -2.9912260756924947
 -2.9956351945975501
 -3


